Date,Total Cases,New Cases,Total Deaths,New Deaths,Transit Station Mobility,Resident Mobility,Others Tweets,Covid19 Tweets
26/04/2020,2835026,101445,205323,6246,-45.17135802,12.54293442,64059,376044
27/04/2020,2918082,83056,209251,3928,-40.49136724,17.21937687,83943,397525
28/04/2020,2983864,65782,214141,4890,-38.81911903,13.18067227,72264,414038
29/04/2020,3055429,71565,220659,6518,-38.92966219,17.68813559,22193,111589
30/04/2020,3133235,77806,227330,6671,-37.84208082,17.44902294,78361,414442
01/05/2020,3217821,84586,232864,5534,-41.93650069,19.80178174,51806,307838
02/05/2020,3309563,91742,238702,5838,-36.26059113,12.1294964,60925,353172
03/05/2020,3390732,81169,243471,4769,-39.80561122,10.74537037,71689,364958
04/05/2020,3469241,78509,247158,3687,-36.74471086,15.44021969,81378,414019
